1349901
1349897
1349951
1349950
1350187
1350186
1350354
1350353
1350438
1350437
1350473
1350472
1350697
1350696
1350848
1350847
1350933
1350932
1351010
1351009
1351132
1351131
1351230
1351229
1351532
1351531
1351575
1351574
1351694
1351692
1352307
1352306
1353216
1353215
1353354
1353353
1353396
1353395
1354043
1354042
1354130
1354129
1354201
1354200
1354264
1354263
1354358
1354357
1354434
1354433
1354573
1354572
1360213
1360212
1360363
1360362
1360505
1360504
1360600
1360599
1360670
1360669
1360742
1360741
1360869
1360868
1361158
1361157
1361246
1361245
1361649
1361648
1361891
1361890
1362000
1361999
1362398
1362397
1362814
1362813
1362889
1362888
1363271
1363267
1363382
1363381
1363457
1363456
1363577
1363576
1363608
1363607
1366847
1366846
1367005
1367004
1367094
1367085
1367206
1367201
1367261
1367260
1367471
1367470
1367693
1367692
